2 500
15
665910 666735
665949 665950
665951 665952
665941 665942
665955 665956
333403 333404
665947 665948
665953 665954
665943 665944
333055 333967
665939 665940
333398 333399
333396 333397
665945 665946
333407 333408
16
333838 333839
666495 666496
333822 333823
666488 666489
333840 333841
333669 334569
666486 666487
333836 333837
333829 333830
333818 333819
666493 666494
333842 333843
333827 333828
333831 333832
666484 666485
666491 666492
17
666388 667171
333088 333089
666794 666795
666649 667000
332972 333951
332703 333417
666772 666773
666502 667080
332742 333685
332868 333202
666635 667319
666633 666835
666733 667059
666790 666791
666779 667313
332932 333344
666673 666858
13
333706 333707
333721 333722
333727 333728
333712 333713
667123 667348
333725 333726
333723 333724
333714 333715
666797 667545
333242 333878
333668 333830
333625 333743
333716 333717
16
667696 667697
333086 333087
333090 333091
333000 333381
333082 333083
333073 333074
333070 333071
667694 667695
667702 667703
333084 333085
333078 333079
333088 333089
667675 668105
666835 667776
667692 667693
333067 333068
12
333949 333950
333312 334208
666791 666792
333267 334090
666794 666795
666799 666800
666790 666791
666458 667196
333157 334060
333953 333954
333953 333954
666705 667682
15
333379 333380
666990 666991
666986 666987
333333 333397
666982 666983
666863 667164
666915 667167
666984 666985
666780 667090
666096 667080
666973 667785
332759 333759
666856 667005
666756 667599
666879 667060
13
667111 667112
332858 333406
667113 667114
667117 667118
333087 333088
333093 333094
333086 333087
667116 667117
667119 667120
333080 333081
667114 667115
332934 333512
332353 333103
15
666733 667186
666619 667202
666857 667252
666894 666895
666536 667193
666494 666928
333829 333830
666785 667648
666906 666907
666664 667266
666806 667593
333831 333832
666678 666933
666120 666962
333833 333834
14
666837 666838
332866 333295
333157 333158
332912 333802
333168 333169
333172 333173
333038 333337
333159 333160
666841 666842
333166 333167
333170 333171
666839 666840
332616 333241
333162 333163
17
667010 667041
666648 667237
667037 667038
666725 667393
667033 667034
333422 333867
667022 667023
666910 667851
666869 667170
333821 333822
666996 667566
333222 334105
333825 333826
333831 333832
667035 667036
333625 333893
666511 667250
17
666708 667326
666794 666795
666798 666799
666804 666805
666814 666815
666816 666817
666792 666793
666363 666810
666571 667200
666808 666809
666542 667471
332651 333347
333159 333160
666818 666819
666260 667029
666728 666831
666806 666807
14
666841 666842
333594 333618
333027 333676
333330 333981
332916 333692
333588 334155
333254 334206
666178 667161
666837 666838
666839 666840
333525 333639
333600 333701
333620 333621
332838 333770
15
333127 333128
333131 333132
666275 666276
666271 666272
333133 333134
666265 666266
666254 666255
666263 666264
666267 666268
666247 666248
666269 666270
666273 666274
666259 666260
666252 666253
333129 333130
15
332502 332503
332504 332505
665899 665900
332508 332509
332449 332584
332496 332497
665897 665898
332506 332507
665893 665894
665889 665890
665522 666297
332494 332495
665891 665892
332492 332493
332500 332501
16
666019 666020
666014 666015
333006 333007
666025 666026
666023 666024
666043 666044
666027 666028
666038 666039
665761 666310
666047 666048
666045 666046
666029 666030
666017 666018
333004 333005
666034 666035
666021 666022
13
332695 333685
666621 666622
333616 334292
333646 333647
333533 333846
333371 333763
333629 333630
333639 333640
666615 666616
666531 666977
333644 333647
666617 666618
666623 666624
15
666772 666773
333500 333501
666770 666771
666778 666779
666762 666763
666784 666785
666774 666775
666776 666777
666782 666783
666767 666768
333496 333497
666780 666781
666786 666787
333498 333499
666760 666761
16
333014 333015
332980 333155
333035 333036
332972 333055
666575 666855
332831 333099
332881 333051
333020 333021
333008 333030
332505 333456
333019 333202
332942 333238
332964 333930
333011 333073
333016 333017
332854 333356
16
665187 665816
665106 666029
333282 333847
665682 665683
665629 665886
665667 665668
664923 665754
665648 665649
665659 665660
665576 666525
332752 333595
665301 665769
665378 666229
333019 333686
664737 665674
665532 665886
5
481057 481059
481054 481059
481057 481064
481064 481066
481065 481067
5
146548 146549
146546 146551
146554 146557
146545 146558
146554 146557
5
983144 983149
983142 983144
983149 983150
983141 983149
983137 983148
5
969718 969723
969719 969724
969724 969726
969713 969715
969717 969719
5
949192 949195
949192 949193
949185 949188
949190 949191
949185 949188
5
784456 784457
784448 784451
784445 784446
784447 784450
784446 784452
5
894854 894860
894852 894862
894859 894861
894852 894853
894860 894861
5
700750 700753
700748 700749
700746 700755
700751 700754
700744 700746
5
838516 838518
838522 838525
838521 838526
838515 838521
838517 838518
5
652482 652484
652484 652485
652480 652481
652484 652485
652479 652482
5
400592 400595
400597 400602
400594 400596
400589 400598
400589 400591
5
721920 721923
721919 721925
721919 721928
721926 721932
721919 721920
5
380125 380127
380122 380124
380121 380125
380126 380127
380121 380129
5
223537 223544
223534 223535
223545 223546
223535 223536
223538 223541
5
312325 312330
312324 312325
312334 312336
312327 312328
312327 312329
5
604300 604301
604298 604300
604292 604293
604295 604296
604289 604291
5
234985 234991
234979 234985
234987 234988
234982 234990
234991 234992
5
288851 288853
288848 288851
288852 288856
288850 288853
288847 288851
5
877459 877460
877455 877462
877464 877467
877460 877463
877457 877458
5
612340 612348
612337 612342
612339 612341
612348 612350
612342 612350
5
118434 118440
118433 118440
118436 118439
118434 118435
118438 118439
5
523193 523194
523186 523188
523185 523193
523188 523189
523186 523197
5
516921 516924
516917 516921
516924 516927
516914 516918
516921 516927
5
539295 539296
539299 539302
539296 539297
539296 539301
539296 539302
5
769787 769788
769793 769794
769792 769796
769784 769785
769783 769784
5
300454 300461
300456 300459
300460 300462
300453 300460
300454 300456
5
321280 321285
321289 321290
321288 321291
321281 321283
321278 321284
5
998230 998237
998227 998239
998232 998235
998230 998238
998227 998233
5
761060 761061
761065 761068
761065 761071
761069 761071
761060 761062
5
439510 439512
439510 439514
439502 439508
439501 439514
439501 439505
5
923784 923792
923780 923781
923787 923788
923785 923790
923783 923787
5
550138 550147
550148 550149
550141 550142
550141 550142
550142 550143
5
12382 12384
12383 12388
12387 12393
12383 12387
12389 12390
5
887044 887047
887034 887036
887038 887046
887036 887040
887040 887043
5
15152 15158
15154 15159
15153 15164
15158 15161
15154 15158
5
188621 188630
188625 188626
188628 188632
188622 188624
188630 188632
5
795103 795106
795102 795107
795101 795106
795106 795107
795113 795114
5
775742 775744
775741 775744
775731 775732
775732 775742
775732 775739
5
825035 825036
825041 825044
825042 825044
825042 825043
825036 825045
5
876012 876014
876009 876017
876011 876016
876012 876017
876005 876006
5
226648 226651
226649 226654
226650 226656
226652 226653
226649 226651
5
836487 836489
836480 836482
836485 836487
836480 836489
836489 836492
5
469935 469937
469939 469943
469934 469939
469932 469942
469937 469944
5
907353 907359
907349 907359
907358 907359
907357 907362
907351 907357
5
994989 994990
994986 994993
994986 994993
994981 994984
994989 994990
5
842369 842377
842371 842372
842369 842370
842367 842370
842374 842376
5
724400 724401
724390 724396
724395 724399
724397 724399
724393 724401
5
686758 686759
686754 686756
686758 686762
686761 686763
686752 686753
5
689598 689599
689600 689601
689600 689608
689599 689600
689604 689611
5
526799 526805
526800 526806
526797 526799
526800 526807
526808 526809
5
309663 309665
309660 309667
309657 309668
309657 309659
309660 309665
5
882576 882577
882565 882567
882566 882567
882574 882575
882575 882578
5
289195 289197
289200 289202
289198 289200
289202 289203
289195 289200
5
562234 562239
562233 562238
562232 562233
562239 562244
562243 562244
5
361716 361718
361720 361725
361715 361717
361720 361724
361722 361726
5
708564 708576
708567 708569
708564 708568
708566 708569
708571 708574
5
383658 383662
383663 383666
383659 383664
383659 383660
383658 383659
5
952212 952213
952209 952212
952204 952210
952211 952213
952207 952209
5
44096 44101
44104 44108
44106 44107
44106 44107
44103 44105
5
362011 362014
362006 362008
362009 362014
362005 362015
362005 362018
5
710959 710962
710959 710962
710959 710969
710970 710971
710964 710969
5
544222 544223
544213 544217
544212 544217
544212 544219
544220 544222
5
629560 629561
629559 629560
629551 629560
629557 629558
629552 629553
5
775454 775456
775452 775453
775454 775457
775454 775455
775452 775453
5
303627 303636
303633 303635
303627 303636
303627 303629
303628 303633
5
863338 863339
863331 863332
863335 863341
863328 863329
863333 863338
5
164221 164224
164223 164224
164221 164222
164220 164221
164219 164220
5
804089 804090
804092 804093
804088 804096
804090 804092
804087 804090
5
614471 614472
614465 614466
614467 614469
614463 614471
614462 614463
5
918575 918577
918584 918586
918574 918576
918582 918586
918585 918587
5
1617 1625
1619 1624
1624 1626
1627 1628
1624 1625
5
495546 495549
495554 495556
495551 495554
495551 495559
495552 495557
5
529416 529418
529410 529413
529415 529419
529416 529418
529416 529420
5
821502 821508
821512 821513
821506 821507
821508 821509
821502 821504
5
6467 6469
6461 6462
6460 6461
6460 6465
6465 6467
5
966169 966171
966166 966167
966165 966170
966167 966168
966174 966175
5
655890 655899
655888 655895
655890 655893
655892 655895
655889 655898
5
893220 893221
893225 893232
893226 893227
893224 893230
893224 893226
5
423080 423081
423083 423084
423079 423081
423079 423081
423081 423086
5
264174 264181
264175 264178
264175 264179
264171 264175
264179 264180
5
552870 552871
552875 552881
552869 552872
552876 552877
552869 552872
5
647196 647199
647196 647203
647198 647201
647196 647197
647196 647202
5
636562 636564
636556 636562
636555 636560
636551 636563
636554 636560
5
516023 516031
516030 516033
516025 516027
516022 516023
516027 516032
5
190120 190123
190121 190122
190116 190124
190124 190126
190115 190117
5
90807 90813
90803 90815
90805 90807
90809 90812
90810 90812
5
532504 532506
532502 532504
532500 532506
532500 532502
532503 532504
5
173125 173126
173131 173132
173125 173127
173120 173125
173122 173127
5
795820 795821
795816 795817
795812 795819
795816 795818
795813 795815
5
901741 901742
901735 901739
901735 901740
901737 901740
901732 901733
5
851318 851320
851315 851316
851311 851315
851314 851315
851311 851312
5
266642 266644
266637 266642
266639 266640
266638 266644
266641 266643
5
734691 734700
734692 734703
734696 734703
734691 734698
734702 734704
5
856123 856126
856127 856129
856123 856131
856126 856127
856123 856126
5
309768 309771
309765 309771
309762 309768
309763 309766
309758 309765
5
940585 940586
940591 940596
940586 940596
940584 940594
940583 940585
5
123303 123308
123305 123306
123298 123299
123306 123311
123298 123299
5
621100 621103
621107 621108
621108 621109
621104 621105
621098 621111
5
997065 997071
997068 997069
997064 997069
997067 997069
997069 997072
5
18169 18177
18166 18167
18167 18177
18176 18178
18170 18172
5
845981 845985
845984 845986
845989 845991
845982 845989
845981 845982
5
43446 43455
43452 43454
43451 43452
43449 43452
43454 43455
5
727892 727894
727893 727896
727898 727899
727887 727891
727895 727896
5
855319 855323
855312 855317
855315 855317
855322 855324
855314 855316
5
198783 198785
198782 198788
198778 198789
198777 198778
198777 198781
5
130478 130479
130476 130479
130478 130479
130484 130486
130482 130487
5
691430 691433
691427 691430
691426 691431
691432 691436
691432 691434
5
25422 25423
25421 25430
25425 25427
25420 25427
25421 25422
5
569339 569340
569338 569341
569335 569340
569338 569339
569338 569339
5
167617 167618
167621 167622
167620 167623
167622 167629
167623 167626
5
490146 490149
490157 490158
490149 490155
490148 490149
490152 490155
5
102063 102064
102059 102060
102058 102060
102061 102064
102056 102063
5
617496 617497
617503 617504
617498 617502
617501 617504
617494 617495
5
18573 18574
18568 18575
18564 18565
18570 18573
18564 18567
5
197745 197746
197744 197746
197748 197750
197748 197750
197745 197746
5
594903 594904
594898 594910
594901 594903
594898 594901
594898 594900
5
917572 917574
917562 917563
917570 917572
917569 917572
917566 917574
5
878601 878611
878605 878609
878608 878609
878611 878613
878613 878614
5
992367 992374
992373 992379
992371 992372
992374 992375
992371 992373
5
592025 592027
592024 592025
592022 592028
592030 592034
592022 592025
5
352409 352410
352411 352415
352414 352418
352414 352419
352416 352418
5
133372 133375
133378 133384
133381 133382
133382 133383
133376 133385
5
766314 766320
766318 766319
766313 766316
766322 766323
766318 766322
5
98094 98103
98099 98105
98093 98105
98101 98104
98094 98101
5
49662 49670
49667 49669
49661 49663
49664 49667
49661 49663
5
617084 617088
617092 617095
617083 617090
617082 617088
617093 617094
5
248999 249000
248998 248999
248994 248997
248989 248993
248988 248991
5
766386 766393
766389 766390
766394 766396
766391 766393
766388 766392
5
530396 530398
530398 530400
530399 530400
530393 530395
530393 530399
5
558336 558342
558334 558337
558332 558340
558341 558342
558337 558340
5
156318 156321
156316 156317
156323 156325
156322 156323
156315 156325
5
726797 726800
726799 726800
726791 726793
726787 726789
726789 726795
5
792577 792578
792575 792577
792578 792582
792574 792579
792573 792580
5
393375 393376
393371 393375
393380 393382
393372 393373
393375 393380
5
957174 957182
957173 957178
957171 957174
957177 957182
957176 957178
5
147748 147750
147747 147753
147758 147759
147748 147750
147749 147757
5
855678 855682
855676 855686
855682 855683
855679 855681
855680 855681
5
825806 825808
825800 825804
825808 825809
825809 825812
825811 825812
5
91192 91194
91189 91190
91190 91193
91186 91194
91188 91189
5
547077 547081
547077 547079
547080 547082
547084 547085
547074 547080
5
762301 762308
762301 762303
762299 762301
762300 762303
762298 762303
5
990730 990731
990726 990729
990722 990726
990727 990730
990726 990727
5
164365 164366
164355 164365
164356 164361
164354 164357
164359 164361
5
125250 125252
125246 125250
125246 125250
125255 125258
125247 125252
5
955396 955398
955387 955391
955392 955398
955392 955393
955388 955391
5
472316 472318
472310 472311
472310 472315
472312 472314
472313 472318
5
628217 628218
628222 628228
628220 628221
628220 628221
628218 628220
5
520424 520432
520429 520432
520425 520429
520424 520425
520427 520431
5
282285 282287
282292 282297
282286 282298
282291 282293
282296 282297
5
417716 417717
417715 417723
417717 417722
417717 417720
417715 417722
5
295678 295679
295674 295676
295674 295676
295666 295675
295674 295679
5
472179 472187
472180 472183
472177 472179
472184 472187
472180 472181
5
400279 400281
400280 400287
400282 400283
400281 400287
400277 400279
5
847311 847312
847311 847312
847319 847323
847316 847317
847312 847314
5
999442 999443
999433 999441
999437 999440
999433 999436
999434 999440
5
754442 754443
754433 754435
754432 754433
754430 754437
754432 754440
5
393356 393358
393356 393364
393357 393360
393361 393362
393351 393355
5
457537 457540
457543 457548
457548 457549
457547 457548
457542 457543
5
322396 322404
322397 322399
322404 322405
322405 322406
322405 322406
5
511949 511951
511945 511946
511947 511948
511948 511949
511943 511946
5
440714 440717
440723 440725
440716 440719
440719 440726
440722 440723
5
240610 240620
240615 240618
240614 240617
240609 240614
240609 240610
5
305767 305771
305764 305769
305765 305766
305773 305776
305772 305773
5
604350 604356
604343 604346
604344 604347
604353 604354
604344 604348
5
215988 215990
215990 215993
215995 215997
215988 215994
215991 215995
5
949417 949421
949414 949416
949422 949424
949415 949417
949414 949424
5
230843 230845
230841 230851
230839 230842
230850 230851
230848 230850
5
771149 771151
771139 771140
771143 771150
771143 771149
771146 771147
5
553576 553579
553579 553581
553579 553580
553586 553589
553582 553586
5
637229 637233
637236 637239
637231 637236
637230 637240
637236 637239
5
895393 895395
895393 895395
895393 895398
895392 895402
895401 895402
5
489196 489199
489187 489189
489190 489197
489197 489198
489191 489198
5
907159 907171
907162 907169
907167 907168
907165 907172
907171 907172
5
326020 326021
326013 326016
326008 326019
326020 326021
326016 326017
5
534989 534996
534991 534992
534989 534994
534984 534985
534988 534992
5
6886 6891
6889 6890
6886 6891
6879 6882
6890 6891
5
802037 802038
802036 802040
802035 802036
802034 802037
802039 802040
5
384284 384286
384279 384282
384284 384285
384274 384275
384275 384282
5
711981 711986
711985 711986
711980 711985
711986 711992
711979 711980
5
358813 358817
358819 358821
358815 358817
358815 358820
358821 358823
5
982736 982738
982728 982729
982734 982739
982732 982734
982734 982735
5
811109 811112
811108 811119
811118 811119
811113 811115
811114 811115
5
610175 610178
610172 610173
610170 610172
610178 610181
610174 610176
5
670099 670102
670104 670105
670102 670108
670105 670106
670107 670108
5
693977 693980
693980 693981
693979 693985
693976 693977
693983 693987
5
785227 785230
785224 785228
785228 785229
785228 785230
785221 785226
5
973162 973170
973171 973172
973164 973166
973163 973164
973168 973170
5
352666 352671
352671 352675
352670 352671
352673 352674
352671 352673
5
198543 198545
198544 198549
198551 198554
198544 198551
198547 198550
5
55834 55840
55840 55843
55838 55840
55839 55844
55838 55840
5
868929 868931
868937 868938
868931 868932
868932 868942
868936 868941
5
773935 773937
773930 773931
773936 773942
773937 773938
773936 773937
5
455499 455502
455496 455497
455495 455502
455500 455503
455497 455501
5
12773 12776
12771 12773
12769 12771
12772 12775
12776 12779
5
408582 408584
408577 408579
408576 408585
408576 408587
408581 408582
5
14988 14992
14982 14989
14990 14991
14983 14985
14984 14994
5
848152 848154
848148 848149
848147 848155
848156 848157
848152 848155
5
690878 690883
690878 690882
690876 690879
690880 690882
690877 690879
5
812802 812803
812795 812797
812801 812805
812795 812796
812795 812797
5
251342 251344
251341 251345
251342 251347
251337 251340
251338 251340
5
132738 132742
132737 132748
132743 132747
132737 132739
132738 132743
5
955172 955173
955166 955171
955164 955166
955172 955173
955167 955173
5
212570 212572
212568 212570
212569 212574
212562 212573
212563 212570
5
57377 57378
57382 57384
57379 57381
57373 57374
57382 57383
5
859266 859270
859264 859271
859262 859269
859264 859267
859273 859275
5
963226 963228
963219 963225
963222 963225
963222 963228
963217 963230
5
72421 72430
72421 72423
72418 72419
72420 72421
72418 72428
5
847691 847693
847688 847695
847699 847701
847698 847701
847699 847700
5
872421 872427
872419 872421
872416 872427
872424 872425
872422 872425
5
260888 260889
260882 260884
260881 260883
260882 260884
260887 260891
5
747791 747800
747797 747799
747794 747795
747800 747801
747797 747801
5
144868 144873
144879 144881
144871 144878
144874 144880
144872 144873
5
750088 750096
750086 750091
750084 750086
750092 750094
750096 750097
5
543758 543762
543758 543761
543757 543763
543763 543764
543759 543761
5
739725 739726
739721 739724
739721 739726
739720 739724
739725 739727
5
637725 637731
637719 637730
637721 637725
637726 637730
637719 637721
5
45509 45512
45514 45516
45512 45516
45510 45520
45511 45513
5
662461 662465
662456 662458
662452 662458
662454 662456
662456 662460
5
77184 77188
77185 77186
77187 77193
77185 77189
77187 77188
5
636212 636224
636217 636218
636219 636222
636217 636218
636218 636219
5
225013 225016
225012 225023
225013 225016
225015 225018
225011 225023
5
461023 461030
461034 461036
461025 461029
461035 461036
461028 461036
5
844686 844697
844693 844698
844686 844690
844694 844696
844693 844695
5
140654 140655
140658 140659
140653 140654
140651 140653
140649 140657
5
391053 391056
391057 391059
391057 391058
391052 391059
391054 391057
5
663023 663024
663013 663023
663016 663022
663012 663021
663018 663019
5
638895 638896
638895 638899
638894 638898
638894 638896
638904 638905
5
650635 650642
650635 650638
650637 650639
650631 650633
650635 650641
5
665474 665475
665463 665464
665463 665464
665464 665476
665471 665476
5
379670 379674
379670 379678
379671 379674
379671 379674
379672 379674
5
975061 975063
975056 975059
975055 975056
975050 975051
975054 975058
5
664289 664294
664287 664293
664291 664292
664287 664288
664287 664288
5
864209 864211
864213 864214
864209 864211
864206 864208
864204 864205
5
197142 197145
197147 197152
197145 197146
197145 197146
197151 197152
5
759910 759911
759912 759915
759911 759921
759910 759912
759920 759922
5
675511 675512
675515 675516
675513 675524
675520 675521
675514 675521
5
636375 636376
636369 636371
636377 636379
636371 636378
636372 636373
5
936233 936235
936237 936238
936238 936243
936242 936243
936240 936241
5
839727 839728
839726 839735
839736 839738
839727 839728
839736 839738
5
610947 610950
610940 610942
610940 610944
610945 610947
610942 610948
5
594186 594197
594188 594195
594184 594192
594190 594193
594192 594193
5
113485 113490
113487 113488
113482 113484
113483 113492
113484 113485
5
170522 170523
170521 170530
170519 170528
170527 170529
170524 170526
5
703840 703843
703836 703846
703837 703841
703834 703835
703837 703838
5
784070 784073
784076 784077
784073 784079
784075 784077
784067 784076
5
793557 793559
793560 793562
793563 793564
793562 793567
793560 793562
5
349169 349174
349176 349177
349180 349181
349172 349174
349170 349174
5
815319 815320
815316 815318
815318 815319
815310 815314
815314 815316
5
302664 302665
302663 302665
302653 302660
302653 302661
302653 302662
5
609807 609808
609814 609815
609808 609816
609812 609814
609809 609813
5
631970 631971
631977 631978
631965 631967
631974 631975
631973 631974
5
767343 767345
767335 767342
767343 767347
767340 767341
767338 767341
5
392712 392714
392717 392722
392712 392713
392722 392723
392716 392722
5
595966 595967
595967 595975
595968 595970
595967 595975
595968 595971
5
979912 979914
979922 979923
979918 979921
979912 979923
979920 979923
5
811656 811657
811658 811664
811654 811655
811655 811666
811659 811663
5
717533 717537
717541 717543
717534 717535
717533 717540
717535 717537
5
25930 25933
25931 25940
25937 25938
25937 25942
25934 25936
5
236973 236981
236976 236977
236981 236984
236974 236976
236972 236974
5
105556 105557
105557 105567
105564 105566
105562 105564
105558 105561
5
974691 974695
974697 974701
974691 974700
974692 974694
974691 974697
5
416004 416014
416011 416012
416007 416008
416004 416006
416004 416005
5
267127 267130
267120 267123
267122 267126
267126 267127
267122 267123
5
587824 587825
587825 587828
587827 587829
587821 587828
587832 587833
5
885012 885013
885006 885012
885001 885003
885003 885009
885007 885010
5
185479 185480
185472 185473
185472 185477
185467 185476
185479 185480
5
196741 196747
196741 196744
196740 196744
196747 196748
196741 196749
5
72518 72522
72521 72523
72515 72527
72516 72517
72520 72523
5
784324 784328
784321 784324
784322 784323
784328 784330
784328 784329
5
932819 932821
932817 932825
932817 932828
932817 932821
932825 932826
5
554522 554525
554522 554523
554528 554533
554524 554532
554524 554532
5
329334 329335
329329 329338
329337 329338
329331 329332
329337 329340
5
851764 851768
851761 851766
851761 851767
851762 851772
851768 851770
5
240617 240618
240618 240620
240614 240618
240615 240626
240625 240626
5
369199 369201
369199 369201
369202 369203
369207 369208
369202 369205
5
352429 352430
352425 352430
352425 352426
352427 352428
352428 352430
5
213637 213640
213638 213642
213643 213646
213640 213641
213645 213648
5
184515 184518
184513 184515
184523 184525
184515 184521
184517 184525
5
509805 509807
509801 509803
509801 509809
509805 509806
509805 509806
5
109152 109163
109157 109160
109163 109165
109153 109165
109155 109157
5
782798 782800
782803 782810
782799 782803
782800 782801
782800 782801
5
568750 568756
568754 568758
568749 568750
568751 568759
568753 568760
5
910886 910888
910885 910888
910878 910879
910878 910884
910878 910879
5
924659 924660
924655 924658
924650 924652
924650 924651
924654 924656
5
635027 635028
635024 635026
635026 635029
635028 635030
635021 635029
5
332314 332317
332311 332313
332316 332317
332310 332321
332312 332313
5
394080 394081
394075 394077
394074 394078
394075 394076
394080 394083
5
968829 968833
968831 968832
968825 968828
968821 968822
968825 968826
5
5344 5353
5346 5347
5345 5351
5354 5356
5356 5357
5
251058 251070
251064 251067
251066 251067
251061 251071
251062 251064
5
692324 692327
692324 692325
692329 692330
692326 692331
692333 692334
5
743536 743537
743535 743537
743545 743546
743542 743543
743534 743535
5
287952 287954
287944 287953
287945 287956
287950 287953
287950 287954
5
660176 660182
660180 660182
660176 660179
660175 660180
660180 660182
5
230981 230983
230975 230988
230977 230978
230980 230983
230980 230986
5
478 480
480 484
477 483
475 486
475 477
5
27653 27662
27655 27656
27654 27660
27653 27661
27651 27653
5
264280 264283
264283 264290
264277 264285
264278 264287
264282 264284
5
842785 842786
842786 842788
842793 842796
842783 842793
842788 842789
5
921604 921608
921603 921611
921601 921605
921606 921607
921605 921606
5
905316 905321
905313 905315
905322 905324
905315 905317
905323 905325
5
317671 317672
317679 317681
317678 317680
317674 317682
317675 317679
5
463873 463876
463867 463870
463874 463875
463869 463876
463875 463876
5
10118 10120
10120 10123
10117 10120
10111 10113
10115 10118
5
253744 253750
253744 253745
253748 253751
253749 253751
253746 253749
5
639016 639026
639017 639021
639014 639023
639022 639023
639018 639026
5
398201 398207
398201 398202
398203 398206
398206 398207
398211 398212
5
439729 439732
439730 439737
439737 439739
439734 439738
439739 439740
5
316476 316478
316470 316474
316469 316475
316472 316473
316473 316476
5
250327 250328
250335 250337
250327 250329
250328 250330
250331 250336
5
534040 534043
534036 534038
534041 534043
534039 534041
534042 534048
5
800099 800101
800100 800101
800101 800102
800094 800096
800096 800104
5
227273 227284
227274 227278
227277 227282
227275 227276
227277 227280
5
483877 483878
483877 483884
483879 483882
483882 483885
483877 483881
5
112475 112479
112476 112480
112474 112478
112473 112474
112480 112481
5
170837 170840
170848 170849
170837 170848
170845 170847
170846 170848
5
936654 936663
936660 936664
936652 936656
936653 936654
936660 936663
5
537717 537718
537711 537712
537715 537716
537718 537719
537716 537721
5
439693 439697
439692 439693
439692 439696
439701 439702
439695 439697
5
556657 556663
556654 556660
556654 556655
556659 556663
556650 556653
5
413461 413462
413457 413461
413456 413462
413466 413467
413454 413456
5
547992 547994
547992 547993
547993 547997
547989 547996
547995 547997
5
629474 629475
629469 629476
629480 629481
629468 629481
629470 629474
5
662273 662278
662271 662274
662273 662275
662272 662277
662270 662271
5
387217 387224
387226 387227
387222 387225
387222 387227
387219 387220
5
817311 817315
817303 817305
817312 817313
817308 817313
817304 817306
5
85322 85326
85320 85329
85325 85326
85324 85331
85321 85324
5
70776 70779
70777 70780
70772 70776
70769 70779
70770 70771
5
68404 68408
68403 68409
68403 68412
68402 68403
68402 68404
5
71754 71758
71757 71760
71748 71756
71756 71757
71756 71758
5
181567 181571
181565 181566
181562 181566
181562 181566
181565 181566
5
62485 62486
62479 62481
62479 62481
62487 62488
62487 62491
5
915916 915919
915920 915922
915914 915921
915914 915916
915914 915917
5
591549 591550
591552 591554
591556 591561
591549 591561
591557 591558
5
863333 863334
863337 863341
863337 863340
863337 863340
863339 863341
5
920221 920222
920222 920225
920225 920229
920223 920226
920226 920228
5
615839 615840
615847 615848
615839 615848
615840 615847
615840 615842
5
480327 480328
480326 480333
480333 480337
480329 480331
480331 480332
5
363339 363340
363338 363339
363329 363333
363330 363332
363334 363338
5
441188 441192
441188 441193
441186 441187
441186 441189
441185 441190
5
30671 30675
30677 30678
30675 30677
30676 30678
30670 30674
5
734551 734552
734540 734543
734551 734552
734540 734549
734548 734551
5
766608 766612
766612 766613
766602 766607
766612 766613
766607 766610
5
195853 195854
195854 195860
195852 195854
195853 195858
195859 195862
5
803461 803463
803461 803470
803466 803469
803463 803465
803462 803464
5
149014 149015
149015 149021
149021 149022
149017 149021
149017 149020
5
122917 122919
122916 122927
122924 122928
122922 122924
122925 122928
5
56429 56435
56434 56438
56437 56438
56428 56429
56431 56433
5
941536 941547
941542 941547
941538 941539
941534 941541
941534 941535
5
195141 195147
195149 195150
195140 195147
195138 195139
195142 195145
5
202735 202739
202735 202740
202739 202747
202739 202748
202740 202743
5
571162 571164
571158 571159
571166 571168
571168 571169
571165 571168
5
231914 231924
231915 231916
231921 231927
231922 231927
231920 231921
5
969100 969104
969102 969104
969097 969098
969098 969099
969092 969094
5
708713 708714
708701 708702
708710 708711
708704 708709
708709 708714
5
732056 732058
732055 732065
732064 732066
732064 732066
732054 732059
5
429443 429446
429443 429444
429437 429438
429436 429438
429434 429438
5
647837 647841
647835 647842
647838 647842
647838 647843
647835 647844
5
709848 709850
709845 709851
709852 709855
709844 709853
709855 709856
5
279900 279906
279895 279899
279894 279904
279901 279906
279895 279901
5
135706 135708
135714 135715
135707 135712
135712 135713
135713 135717
5
93677 93680
93670 93671
93671 93677
93673 93675
93676 93682
5
324235 324236
324229 324231
324231 324232
324226 324237
324228 324232
5
601407 601408
601405 601409
601404 601415
601407 601410
601404 601405
5
398597 398600
398602 398605
398599 398603
398600 398604
398601 398603
5
914542 914543
914541 914549
914540 914542
914541 914545
914536 914537
5
894078 894086
894085 894088
894085 894087
894083 894088
894087 894088
5
413269 413270
413275 413277
413267 413268
413270 413273
413272 413277
5
961819 961827
961823 961825
961822 961829
961820 961822
961829 961831
5
746256 746258
746253 746255
746254 746262
746250 746259
746252 746262
5
285057 285058
285058 285059
285055 285063
285063 285064
285060 285061
5
452157 452161
452155 452156
452155 452157
452157 452166
452157 452161
5
157562 157566
157560 157569
157561 157568
157569 157570
157559 157560
5
414955 414956
414955 414957
414956 414960
414956 414959
414955 414956
5
24605 24606
24605 24612
24603 24608
24612 24615
24608 24614
5
808308 808312
808311 808318
808312 808316
808315 808318
808316 808318
5
843471 843479
843467 843472
843469 843471
843472 843473
843473 843477
5
110192 110199
110201 110204
110195 110203
110197 110202
110192 110193
5
414204 414207
414199 414204
414200 414202
414197 414207
414207 414209
5
63500 63505
63510 63511
63506 63510
63502 63503
63502 63508
5
771802 771803
771803 771804
771801 771808
771803 771809
771801 771802
5
186574 186578
186581 186582
186576 186580
186574 186576
186578 186580
5
347874 347876
347878 347879
347872 347874
347872 347873
347880 347881
5
498257 498262
498267 498268
498259 498265
498258 498263
498257 498259
5
601008 601011
601012 601018
601012 601014
601013 601014
601015 601016
5
420850 420854
420847 420851
420846 420852
420849 420854
420846 420850
5
616831 616836
616832 616834
616827 616828
616832 616833
616830 616834
5
129704 129705
129703 129706
129711 129712
129707 129708
129700 129701
5
882486 882489
882485 882491
882486 882491
882489 882491
882491 882493
5
547299 547307
547306 547310
547304 547306
547300 547305
547298 547299
5
407723 407727
407723 407729
407725 407735
407724 407727
407729 407732
5
955491 955493
955490 955491
955498 955499
955488 955490
955493 955495
5
770182 770191
770184 770186
770182 770185
770190 770191
770179 770182
5
785936 785938
785927 785934
785928 785935
785929 785937
785934 785935
5
688576 688579
688570 688571
688573 688577
688575 688576
688570 688579
5
592478 592491
592485 592487
592479 592487
592481 592482
592484 592489
5
726193 726199
726195 726196
726198 726199
726201 726202
726193 726195
5
938625 938638
938632 938634
938626 938627
938625 938627
938632 938638
5
852359 852360
852360 852364
852366 852368
852364 852366
852364 852365
5
543226 543232
543234 543235
543224 543227
543232 543234
543226 543232
5
896899 896903
896896 896900
896895 896897
896898 896899
896901 896902
5
902468 902473
902477 902479
902467 902472
902477 902479
902476 902480
5
335168 335170
335164 335172
335173 335174
335165 335169
335172 335174
5
919172 919176
919181 919183
919181 919182
919177 919182
919176 919177
5
570850 570851
570850 570851
570840 570844
570840 570846
570843 570849
5
64213 64214
64215 64218
64211 64213
64215 64217
64220 64221
5
321526 321530
321525 321536
321525 321532
321529 321533
321530 321535
5
849148 849150
849151 849156
849158 849161
849152 849155
849155 849156
5
507891 507899
507894 507897
507895 507896
507895 507897
507890 507893
5
713860 713861
713866 713867
713857 713866
713855 713866
713861 713865
5
622266 622267
622273 622276
622268 622273
622272 622273
622263 622268
5
79308 79311
79306 79307
79315 79316
79307 79308
79316 79318
5
55015 55017
55016 55019
55009 55014
55010 55014
55018 55019
5
701376 701377
701379 701382
701383 701384
701385 701386
701374 701377
5
129465 129473
129477 129478
129466 129467
129473 129475
129467 129469
5
175919 175923
175921 175924
175916 175924
175914 175919
175916 175920
5
459026 459033
459028 459036
459029 459033
459025 459026
459034 459036
5
243286 243291
243290 243292
243290 243292
243295 243296
243284 243288
5
579839 579843
579844 579845
579844 579845
579839 579843
579845 579848
5
579186 579189
579178 579179
579178 579184
579179 579180
579183 579186
5
431701 431702
431702 431706
431697 431706
431699 431704
431702 431706
5
95663 95667
95663 95666
95667 95670
95667 95669
95667 95668
5
237455 237456
237447 237449
237452 237455
237453 237454
237457 237459
5
806616 806617
806614 806621
806615 806617
806622 806624
806614 806620
5
380409 380411
380418 380419
380410 380417
380408 380413
380413 380415
5
599246 599256
599247 599251
599248 599252
599253 599256
599247 599248
5
685050 685056
685045 685050
685045 685047
685043 685051
685046 685049
5
905858 905862
905865 905867
905865 905869
905868 905870
905864 905870
5
784494 784502
784491 784497
784493 784495
784491 784492
784495 784496
5
424948 424950
424944 424947
424942 424943
424939 424941
424942 424944
5
547258 547265
547259 547263
547263 547266
547260 547265
547258 547259
5
557668 557672
557669 557676
557670 557671
557671 557676
557671 557680
5
60229 60235
60225 60226
60225 60226
60227 60228
60230 60234
5
107845 107849
107840 107852
107843 107844
107843 107845
107842 107850
5
961734 961737
961741 961743
961740 961744
961731 961741
961736 961742
5
773837 773838
773838 773842
773835 773837
773843 773845
773841 773844
5
514077 514082
514079 514084
514076 514079
514075 514077
514081 514083
5
182088 182091
182092 182098
182088 182092
182098 182099
182089 182095
5
153386 153389
153387 153390
153383 153388
153392 153394
153383 153386
5
367210 367217
367216 367218
367207 367212
367215 367218
367213 367216
5
172052 172055
172052 172055
172047 172049
172044 172046
172044 172054
5
826245 826249
826245 826247
826241 826245
826238 826249
826238 826245
5
805746 805747
805746 805751
805748 805753
805753 805755
805745 805750
5
187963 187964
187960 187969
187962 187969
187963 187969
187969 187970
5
710816 710818
710810 710816
710807 710816
710813 710814
710812 710813
5
222400 222403
222409 222411
222403 222411
222411 222412
222408 222413
5
714942 714947
714949 714952
714945 714946
714945 714955
714943 714946
5
905912 905915
905914 905915
905909 905916
905914 905916
905907 905918
5
966628 966631
966631 966632
966623 966628
966630 966635
966623 966632
5
660894 660897
660886 660887
660891 660892
660888 660889
660888 660890
5
147482 147483
147477 147487
147481 147487
147481 147483
147484 147487
5
951382 951383
951375 951381
951379 951380
951373 951380
951377 951381
5
823814 823815
823803 823808
823802 823804
823805 823806
823810 823812
5
642907 642908
642913 642914
642907 642909
642908 642915
642916 642917
5
543908 543909
543915 543916
543917 543920
543910 543913
543907 543913
5
406639 406641
406634 406644
406633 406635
406631 406643
406637 406638
5
78229 78238
78234 78239
78229 78232
78240 78241
78241 78242
5
961615 961620
961621 961623
961615 961618
961617 961622
961618 961622
5
188839 188842
188836 188843
188834 188843
188843 188845
188839 188840
5
702064 702070
702063 702064
702059 702065
702058 702060
702067 702068
5
41944 41949
41944 41946
41944 41955
41951 41956
41955 41956
5
886588 886591
886590 886598
886597 886598
886586 886589
886592 886599
5
562495 562496
562499 562500
562493 562504
562500 562501
562496 562503
5
343487 343495
343489 343491
343486 343487
343494 343495
343487 343489
5
53489 53492
53484 53485
53487 53488
53496 53497
53488 53497
5
98650 98652
98650 98651
98642 98646
98639 98641
98643 98644
5
460779 460781
460772 460774
460772 460774
460776 460779
460773 460780
5
154935 154937
154936 154940
154940 154941
154930 154933
154932 154938
5
919184 919185
919191 919194
919187 919189
919193 919194
919185 919188
5
200733 200734
200729 200731
200731 200739
200731 200732
200729 200738
5
268912 268915
268914 268915
268908 268912
268910 268913
268909 268912
5
465247 465248
465238 465248
465242 465244
465239 465240
465240 465241
5
150802 150803
150791 150794
150792 150799
150790 150800
150800 150801
5
533413 533419
533416 533418
533414 533417
533416 533417
533421 533422
5
452575 452576
452576 452577
452576 452577
452575 452579
452571 452576
5
78253 78254
78257 78261
78255 78257
78259 78261
78252 78257
5
385597 385603
385596 385607
385596 385597
385601 385603
385602 385603
5
616510 616513
616515 616516
616521 616522
616510 616518
616511 616522
5
610744 610753
610745 610751
610742 610743
610751 610753
610750 610752
5
437564 437565
437565 437568
437561 437568
437555 437563
437561 437563
