100
33334 68688
27853 38341
35730 92983
68947 70162
7280 20029
4968 30381
28309 62757
76270 95659
39005 88678
65335 70260
2383 91881
80076 87903
52005 76871
18774 94086
55788 86913
31376 63335
51967 94633
63946 79556
34518 59061
36947 47238
2220 10174
83436 97006
22936 38734
48552 79557
597 65296
24013 61398
26926 96586
38046 42388
42459 96034
28087 47082
30331 80420
2254 71376
3541 94209
1761 68034
20143 33320
39153 79079
17579 45267
74510 97455
13559 66746
60998 88119
25370 95227
20364 32252
32227 72566
38227 66221
74183 80120
64004 95254
44747 60465
2910 61696
57159 86299
7968 51814
3168 61323
21184 78728
8876 81333
24686 99921
48193 73609
13935 91009
805 91888
11473 93857
59259 74854
66524 95142
54566 67481
7289 87104
7370 37474
13197 33854
64215 76763
10789 41037
37753 82418
42433 61408
31817 99555
49187 81405
54183 89813
17304 90928
19175 20087
47086 76811
63898 67101
39109 92155
19456 25095
26243 37172
3511 62402
30881 43817
38695 40937
7301 52054
39064 72827
33826 69509
50975 77106
49957 97519
61627 89759
30241 71419
40493 53830
77293 98588
15045 50542
11275 34733
18095 57248
62659 92564
45537 92610
79530 87302
49245 81523
18787 20101
34013 95633
63393 81470
