100
975284806 975299368
109343070 109372261
758224975 758229336
78614075 78656007
502397724 502439648
475568233 475662860
142120864 142143402
432242330 432324750
409837653 409859253
846150296 846199144
324844481 324914132
653222769 653226346
967366301 967405132
798437898 798479557
524255431 524295303
729641674 729709080
347241831 347289606
882108855 882177804
57300239 57317276
12284906 12321850
69026199 69027866
392434034 392484624
971341337 971388552
873805624 873806347
739027846 739049146
271531034 271595010
755925926 756009246
62269068 62324808
431591998 431597816
13780014 13797795
831254704 831296447
438049931 438067763
6001850 6011123
694621526 694711215
7075897 7157279
118142756 118224578
925483389 925535706
754631946 754636405
243635506 243644587
502958420 503044828
55332999 55388303
166045110 166140147
319197395 319235057
938828551 938903425
233341444 233368918
560870442 560906263
876166721 876265184
33772661 33810442
299735891 299811193
920427816 920514104
178692795 178746519
432521615 432547943
50765841 50859715
389717858 389815122
757480361 757499372
707068488 707098094
860575533 860669542
127537366 127554588
228519181 228596061
622509739 622595069
277189186 277211698
973151411 973171682
508316431 508338076
29463304 29485596
6183978 6237996
59838383 59855037
478281238 478349219
533051073 533130774
177193661 177264421
837639812 837650285
341592248 341683108
423130185 423202138
489613139 489708700
911560109 911626141
428322479 428399496
452691249 452736813
921774641 921806383
57798057 57888541
164959631 164989737
357290098 357318078
842420074 842457433
528111058 528173948
724505276 724510826
350055870 350056858
289906834 289989908
629998829 630037468
242627775 242662402
695907742 695948958
877226798 877280879
996005965 996046865
290598785 290639735
992041326 992109208
58067141 58150242
106664445 106694119
387011694 387027312
923417965 923499592
350746088 350796895
375841091 375876186
596524285 596545340
228680053 228751885
