100
821081216 821081216
943101798 943101798
248201842 248201842
948176468 948176468
269399506 269399506
6237824 6237824
73706334 73706334
878701967 878701967
656031488 656031488
292475444 292475444
414877241 414877241
552826045 552826045
475871724 475871724
424602028 424602028
787258508 787258508
981253147 981253147
339266479 339266479
704665648 704665648
382292891 382292891
354495789 354495789
102591447 102591447
780506692 780506692
61537300 61537300
683152388 683152388
974183087 974183087
3227577 3227577
602185288 602185288
275853455 275853455
752054617 752054617
74256932 74256932
761914418 761914418
928321502 928321502
162100884 162100884
686451905 686451905
178296987 178296987
414839813 414839813
879491704 879491704
891549025 891549025
358981637 358981637
479158457 479158457
777203369 777203369
709596247 709596247
217793137 217793137
73994186 73994186
458566494 458566494
79272400 79272400
674665528 674665528
956760724 956760724
67077642 67077642
447318859 447318859
469491620 469491620
539942400 539942400
190962283 190962283
770653259 770653259
967199200 967199200
299188454 299188454
675235617 675235617
107910939 107910939
88549845 88549845
729946147 729946147
438915260 438915260
157241801 157241801
957985018 957985018
897286505 897286505
284625731 284625731
195950666 195950666
483885861 483885861
171637214 171637214
556270719 556270719
407106975 407106975
978276071 978276071
999458489 999458489
271299682 271299682
635888065 635888065
571718970 571718970
996310033 996310033
93041422 93041422
175130098 175130098
31848496 31848496
315080356 315080356
753330801 753330801
811498260 811498260
543515466 543515466
824602317 824602317
176213914 176213914
365750854 365750854
735239770 735239770
33890662 33890662
244049230 244049230
640186338 640186338
59096552 59096552
737627214 737627214
584203213 584203213
14293351 14293351
164147388 164147388
355523326 355523326
754264683 754264683
382173682 382173682
822563021 822563021
289596638 289596638
