100
79739303 79739307
66322248 66322303
17479151 17479176
59938152 59938209
26393255 26393302
5062800 5062834
27530352 27530448
17119186 17119274
11038572 11038597
97158303 97158386
9942817 9942828
90661893 90661966
54656544 54656621
68376077 68376118
70345360 70345408
85524189 85524268
26819339 26819416
50203799 50203860
12736090 12736096
67572201 67572249
21024842 21024935
88556513 88556571
68024981 68025056
23788485 23788511
7442256 7442312
97485367 97485431
15263181 15263256
61756995 61757049
91854464 91854487
15893350 15893432
54642824 54642887
48816325 48816356
23548217 23548301
35037345 35037433
75681008 75681013
72704524 72704554
82180921 82180997
89866294 89866336
67404569 67404649
22925723 22925780
11508329 11508391
89266107 89266177
87477153 87477154
1032580 1032583
57647711 57647747
41225681 41225727
73040331 73040365
73062050 73062097
36736835 36736919
69306029 69306062
30625965 30625993
35942521 35942522
51084893 51084978
42990175 42990256
22813949 22814008
93176046 93176123
72628904 72628958
62502724 62502724
74010923 74010960
63081003 63081023
86632488 86632560
67320800 67320850
44415985 44416024
3339434 3339502
1399718 1399740
5485260 5485274
39175069 39175112
39462962 39463038
60166912 60166951
93843017 93843028
16212747 16212812
65197048 65197087
74392846 74392849
36899292 36899318
47034705 47034754
2214680 2214732
34839476 34839479
71147203 71147217
80266632 80266640
68688606 68688622
24457249 24457313
70077141 70077223
3360018 3360106
28000059 28000125
33397691 33397790
17785127 17785190
66971584 66971664
82395455 82395550
6849614 6849637
23299950 23299957
80645761 80645801
64085620 64085665
65078160 65078163
99527704 99527799
68107751 68107801
9041925 9041984
63179576 63179652
94260376 94260398
80180504 80180566
48991289 48991336
